<CoordinateSystem> { Z-up } 
<Texture> UVMap_Untitled.001 {
  "/home/tastyfish/Git/panda-rpg/resources/rat.png"
  <Scalar> envtype { MODULATE }
  <Scalar> minfilter { LINEAR_MIPMAP_LINEAR }
  <Scalar> magfilter { LINEAR_MIPMAP_LINEAR }
  <Scalar> wrap { REPEAT }
}

  <Group> Armature {
    <Dart> { 1 }
    <Joint> back1 {
      <Transform> {
        <Matrix4> {
          0.2310260534286499 -1.4945705117952457e-08 5.301444616634399e-08 0.0 
          0.0 -0.22235870361328125 -0.06268683075904846 0.0 
          5.508089984118669e-08 0.06268682330846786 -0.22235870361328125 0.0 
          0.0 0.32349517941474915 0.3429507911205292 1.0 
        }
      }
      <VertexRef> {
        20 33 268 283
        <Scalar> membership { 0.765136 }  <Ref> { rat }
      }
      <VertexRef> {
        21 24 32 98
        <Scalar> membership { 0.081701 }  <Ref> { rat }
      }
      <VertexRef> {
        281 299 348 471
        <Scalar> membership { 0.065249 }  <Ref> { rat }
      }
      <VertexRef> {
        235 241 244 246
        <Scalar> membership { 0.003623 }  <Ref> { rat }
      }
      <VertexRef> {
        228 230 234 239
        <Scalar> membership { 0.009086 }  <Ref> { rat }
      }
      <VertexRef> {
        45 227 231 237
        <Scalar> membership { 0.010256 }  <Ref> { rat }
      }
      <VertexRef> {
        34 224 282 474
        <Scalar> membership { 0.251734 }  <Ref> { rat }
      }
      <VertexRef> {
        57 225 232 236 240 247 307 473 479 484 489 494
        <Scalar> membership { 0.022376 }  <Ref> { rat }
      }
      <VertexRef> {
        7 19 253 269
        <Scalar> membership { 0.482749 }  <Ref> { rat }
      }
      <VertexRef> {
        272 284 322 345
        <Scalar> membership { 0.001084 }  <Ref> { rat }
      }
      <VertexRef> {
        35 48 99 223
        <Scalar> membership { 0.067235 }  <Ref> { rat }
      }
      <VertexRef> {
        46 229 233 243
        <Scalar> membership { 0.009155 }  <Ref> { rat }
      }
      <VertexRef> {
        292 476 481 492
        <Scalar> membership { 0.007331 }  <Ref> { rat }
      }
      <VertexRef> {
        17 27 261 275
        <Scalar> membership { 0.109272 }  <Ref> { rat }
      }
      <VertexRef> {
        294 298 472 485
        <Scalar> membership { 0.022695 }  <Ref> { rat }
      }
      <VertexRef> {
        267 273 280 349
        <Scalar> membership { 0.077448 }  <Ref> { rat }
      }
      <VertexRef> {
        293 475 480 486
        <Scalar> membership { 0.007440 }  <Ref> { rat }
      }
      <VertexRef> {
        482 488 491 495
        <Scalar> membership { 0.003081 }  <Ref> { rat }
      }
      <VertexRef> {
        44 49 226 238
        <Scalar> membership { 0.033028 }  <Ref> { rat }
      }
      <VertexRef> {
        477 478 483 487
        <Scalar> membership { 0.007343 }  <Ref> { rat }
      }
      <Joint> head {
        <Transform> {
          <Matrix4> {
            0.9999521374702454 0.0006771058542653918 0.00976190809160471 0.0 
            0.002053310628980398 0.9608742594718933 -0.27697715163230896 0.0 
            -0.009567508473992348 0.27698397636413574 0.9608268737792969 0.0 
            0.0 0.9245052933692932 1.4901161193847656e-08 1.0 
          }
        }
        <VertexRef> {
          289 296 303 308
          <Scalar> membership { 0.925265 }  <Ref> { rat }
        }
        <VertexRef> {
          46 229 233 243
          <Scalar> membership { 0.924458 }  <Ref> { rat }
        }
        <VertexRef> {
          20 21 24 25 29 32 33 34 36 37 76 85 97 98 101 224 267 268 272 273 278 280 282 283 284 286 322 333 345 346 349 474
          <Scalar> membership { 0.000000 }  <Ref> { rat }
        }
        <VertexRef> {
          42 52 288 300
          <Scalar> membership { 0.971835 }  <Ref> { rat }
        }
        <VertexRef> {
          292 476 481 492
          <Scalar> membership { 0.928038 }  <Ref> { rat }
        }
        <VertexRef> {
          482 488 491 495
          <Scalar> membership { 0.941714 }  <Ref> { rat }
        }
        <VertexRef> {
          87 92 93 103 335 338 341 353
          <Scalar> membership { 0.010789 }  <Ref> { rat }
        }
        <VertexRef> {
          31 39 43 44 49 50 56 61 226 238 242 245 276 287 291 294 297 298 304 311 472 485 490 493
          <Scalar> membership { 1.000000 }  <Ref> { rat }
        }
        <VertexRef> {
          16 28 86 89 262 279 336 337
          <Scalar> membership { 0.500202 }  <Ref> { rat }
        }
        <VertexRef> {
          95 109 118 123 343 355 366 373
          <Scalar> membership { 0.001451 }  <Ref> { rat }
        }
        <VertexRef> {
          477 478 483 487
          <Scalar> membership { 0.929043 }  <Ref> { rat }
        }
        <VertexRef> {
          57 225 232 236 240 247 307 473 479 484 489 494
          <Scalar> membership { 0.958210 }  <Ref> { rat }
        }
        <VertexRef> {
          17 27 261 275
          <Scalar> membership { 0.716166 }  <Ref> { rat }
        }
        <VertexRef> {
          59 62 65 70
          <Scalar> membership { 0.996837 }  <Ref> { rat }
        }
        <VertexRef> {
          35 48 99 223 281 299 348 471
          <Scalar> membership { 0.005291 }  <Ref> { rat }
        }
        <VertexRef> {
          302 309 312 317
          <Scalar> membership { 0.997213 }  <Ref> { rat }
        }
        <VertexRef> {
          45 227 231 237
          <Scalar> membership { 0.910066 }  <Ref> { rat }
        }
        <VertexRef> {
          228 230 234 239
          <Scalar> membership { 0.925642 }  <Ref> { rat }
        }
        <VertexRef> {
          305 310 314 318
          <Scalar> membership { 0.996763 }  <Ref> { rat }
        }
        <VertexRef> {
          54 63 64 68
          <Scalar> membership { 0.997307 }  <Ref> { rat }
        }
        <VertexRef> {
          55 67 301 315
          <Scalar> membership { 0.998426 }  <Ref> { rat }
        }
        <VertexRef> {
          80 91 94 106 326 339 344 354
          <Scalar> membership { 0.000003 }  <Ref> { rat }
        }
        <VertexRef> {
          41 51 53 60
          <Scalar> membership { 0.927021 }  <Ref> { rat }
        }
        <VertexRef> {
          66 69 72 313 316 319
          <Scalar> membership { 0.999301 }  <Ref> { rat }
        }
        <VertexRef> {
          30 40 47 100 277 290 295 347
          <Scalar> membership { 0.452336 }  <Ref> { rat }
        }
        <VertexRef> {
          96 104 111 122 342 352 361 370
          <Scalar> membership { 0.007286 }  <Ref> { rat }
        }
        <VertexRef> {
          293 475 480 486
          <Scalar> membership { 0.915838 }  <Ref> { rat }
        }
        <VertexRef> {
          58 71 306 320
          <Scalar> membership { 0.997941 }  <Ref> { rat }
        }
        <VertexRef> {
          235 241 244 246
          <Scalar> membership { 0.941088 }  <Ref> { rat }
        }
      }
      <Joint> back2 {
        <Transform> {
          <Matrix4> {
            -0.9999216794967651 -0.0045469035394489765 -0.011662987060844898 0.0 
            -0.00721961073577404 -0.5516586303710938 0.8340386748313904 0.0 
            -0.010226281359791756 0.8340576887130737 0.5515825748443604 0.0 
            -2.117582368135751e-22 -1.1920928955078125e-07 1.4901162970204496e-08 1.0 
          }
        }
        <VertexRef> {
          9 13 22 155 166 178
          <Scalar> membership { 0.059530 }  <Ref> { rat }
        }
        <VertexRef> {
          249 407 416
          <Scalar> membership { 0.153857 }  <Ref> { rat }
        }
        <VertexRef> {
          250 401 403 406 410
          <Scalar> membership { 0.004481 }  <Ref> { rat }
        }
        <VertexRef> {
          6 139 254 386
          <Scalar> membership { 0.855729 }  <Ref> { rat }
        }
        <VertexRef> {
          1 4 18 23 154
          <Scalar> membership { 0.002668 }  <Ref> { rat }
        }
        <VertexRef> {
          248 255 383 385 389 417 420
          <Scalar> membership { 0.638847 }  <Ref> { rat }
        }
        <VertexRef> {
          7 19 253 269
          <Scalar> membership { 0.475683 }  <Ref> { rat }
        }
        <VertexRef> {
          0 5 136 137 142 171 172
          <Scalar> membership { 0.631624 }  <Ref> { rat }
        }
        <VertexRef> {
          11 131 257 381
          <Scalar> membership { 0.675749 }  <Ref> { rat }
        }
        <VertexRef> {
          10 12 258 260
          <Scalar> membership { 0.576544 }  <Ref> { rat }
        }
        <VertexRef> {
          2 152 157 158 163
          <Scalar> membership { 0.005673 }  <Ref> { rat }
        }
        <VertexRef> {
          259 265 270 405 414 424
          <Scalar> membership { 0.059851 }  <Ref> { rat }
        }
        <VertexRef> {
          8 130 140 174 175
          <Scalar> membership { 0.574826 }  <Ref> { rat }
        }
        <VertexRef> {
          133 134 141 144 147
          <Scalar> membership { 0.013156 }  <Ref> { rat }
        }
        <VertexRef> {
          256 378 388 421 423
          <Scalar> membership { 0.582769 }  <Ref> { rat }
        }
        <VertexRef> {
          379 382 390 394 395
          <Scalar> membership { 0.009318 }  <Ref> { rat }
        }
        <VertexRef> {
          251 252 266 274 402
          <Scalar> membership { 0.000590 }  <Ref> { rat }
        }
        <VertexRef> {
          3 160 168
          <Scalar> membership { 0.153035 }  <Ref> { rat }
        }
        <Joint> tail1 {
          <Transform> {
            <Matrix4> {
              0.999872088432312 0.009703562594950199 0.012717276811599731 0.0 
              -0.00972114410251379 0.9999518394470215 0.0013214454520493746 0.0 
              -0.012703840620815754 -0.0014448967995122075 0.9999183416366577 0.0 
              4.46666370557125e-10 1.0207716226577759 5.161242455642423e-08 1.0 
            }
          }
          <VertexRef> {
            6 139 254 386
            <Scalar> membership { 0.055470 }  <Ref> { rat }
          }
          <VertexRef> {
            133 134 141 144 147
            <Scalar> membership { 0.938794 }  <Ref> { rat }
          }
          <VertexRef> {
            8 130 140 174 175
            <Scalar> membership { 0.097362 }  <Ref> { rat }
          }
          <VertexRef> {
            10 12 258 260
            <Scalar> membership { 0.011363 }  <Ref> { rat }
          }
          <VertexRef> {
            11 131 257 381
            <Scalar> membership { 0.114014 }  <Ref> { rat }
          }
          <VertexRef> {
            132 148 380 398
            <Scalar> membership { 0.939351 }  <Ref> { rat }
          }
          <VertexRef> {
            256 378 388 421 423
            <Scalar> membership { 0.095954 }  <Ref> { rat }
          }
          <VertexRef> {
            0 5 136 137 142 171 172
            <Scalar> membership { 0.061334 }  <Ref> { rat }
          }
          <VertexRef> {
            379 382 390 394 395
            <Scalar> membership { 0.943053 }  <Ref> { rat }
          }
          <VertexRef> {
            135 138 143 384 387 391
            <Scalar> membership { 0.972285 }  <Ref> { rat }
          }
          <VertexRef> {
            248 255 383 385 389 417 420
            <Scalar> membership { 0.060099 }  <Ref> { rat }
          }
          <Joint> tail2 {
            <Transform> {
              <Matrix4> {
                0.9980920553207397 -0.04365727677941322 -0.04365955665707588 0.0 
                0.032090503722429276 0.9709178805351257 -0.23725257813930511 0.0 
                0.05274764075875282 0.23539890348911285 0.9704663753509521 0.0 
                -2.4560264932915743e-10 0.7179052233695984 -2.671731635928154e-08 1.0 
              }
            }
            <VertexRef> {
              215 221 463 470
              <Scalar> membership { 0.254030 }  <Ref> { rat }
            }
            <VertexRef> {
              459 462 467 468
              <Scalar> membership { 0.777739 }  <Ref> { rat }
            }
            <VertexRef> {
              145 150 210 213
              <Scalar> membership { 0.986409 }  <Ref> { rat }
            }
            <VertexRef> {
              211 216 218 220
              <Scalar> membership { 0.416541 }  <Ref> { rat }
            }
            <VertexRef> {
              149 214 397 464
              <Scalar> membership { 0.991757 }  <Ref> { rat }
            }
            <VertexRef> {
              132 148 380 398
              <Scalar> membership { 0.008386 }  <Ref> { rat }
            }
            <VertexRef> {
              393 396 460 461
              <Scalar> membership { 0.990896 }  <Ref> { rat }
            }
            <VertexRef> {
              146 209 392 457
              <Scalar> membership { 0.986716 }  <Ref> { rat }
            }
            <VertexRef> {
              212 217 458 465
              <Scalar> membership { 0.086997 }  <Ref> { rat }
            }
            <Joint> tail3 {
              <Transform> {
                <Matrix4> {
                  0.9946389198303223 -0.05374646186828613 -0.08834398537874222 0.0 
                  0.03582366555929184 0.9805071949958801 -0.19318990409374237 0.0 
                  0.09700515121221542 0.18898941576480865 0.9771760106086731 0.0 
                  8.42869241068911e-09 0.5484181642532349 -9.220093488693237e-08 1.0 
                }
              }
              <VertexRef> {
                219 222 466 469
                <Scalar> membership { 1.009452 }  <Ref> { rat }
              }
              <VertexRef> {
                459 462 467 468
                <Scalar> membership { 0.222210 }  <Ref> { rat }
              }
              <VertexRef> {
                212 217 458 465
                <Scalar> membership { 0.912966 }  <Ref> { rat }
              }
              <VertexRef> {
                215 221 463 470
                <Scalar> membership { 0.746030 }  <Ref> { rat }
              }
              <VertexRef> {
                211 216 218 220
                <Scalar> membership { 0.583395 }  <Ref> { rat }
              }
            }
          }
        }
        <Joint> leg_back_upper.L {
          <Transform> {
            <Matrix4> {
              0.9996016621589661 0.028177492320537567 -0.0015309127047657967 0.0 
              -0.025083443149924278 0.9120751619338989 0.40925532579421997 0.0 
              0.012928096577525139 -0.4090539813041687 0.9124186038970947 0.0 
              -0.5057031512260437 0.2709619104862213 0.15407955646514893 1.0 
            }
          }
          <VertexRef> {
            151 159 169 180 193
            <Scalar> membership { 0.752481 }  <Ref> { rat }
          }
          <VertexRef> {
            2 152 157 158 163
            <Scalar> membership { 0.941976 }  <Ref> { rat }
          }
          <VertexRef> {
            0 1 4 5 6 7 10 11 12 14 15 16 17 18 19 20 21 23 24 25 26 27 28 29 30 31 32 33 36 37 39 40 47 74 75 76 77 78 79 80 81 85 86 89 90 91 94 97 98 100 101 106 107 131 135 136 137 138 139 142 143 154 171 172 186 189 201 202 205 208 253 254 257 258 260 261 268 269 275 276 283 287 379 381 382 384 386 387 390 391 394 395
            <Scalar> membership { 0.000000 }  <Ref> { rat }
          }
          <VertexRef> {
            3 160 168
            <Scalar> membership { 0.798125 }  <Ref> { rat }
          }
          <VertexRef> {
            8 9 13 22 130 140 153 155 156 161 162 164 165 166 167 170 173 174 175 176 177 178 179 182 183 187 188 191 195 198 199 200 203 204
            <Scalar> membership { 1.000000 }  <Ref> { rat }
          }
          <VertexRef> {
            181 184 192 194
            <Scalar> membership { 0.453878 }  <Ref> { rat }
          }
          <Joint> leg_back_lower.L {
            <Transform> {
              <Matrix4> {
                0.5734074711799622 0.7711127996444702 0.27674731612205505 0.0 
                -0.39313438534736633 -0.037384022027254105 0.9187208414077759 0.0 
                0.7187831997871399 -0.6356002688407898 0.28171467781066895 0.0 
                -1.30385160446167e-08 0.965277373790741 1.3969838619232178e-08 1.0 
              }
            }
            <VertexRef> {
              11 131 257 381
              <Scalar> membership { 0.017885 }  <Ref> { rat }
            }
            <VertexRef> {
              182 183 199 204
              <Scalar> membership { 0.546352 }  <Ref> { rat }
            }
            <VertexRef> {
              181 184 192 194
              <Scalar> membership { 0.545624 }  <Ref> { rat }
            }
            <VertexRef> {
              0 1 2 3 4 5 6 7 9 10 12 13 14 15 16 17 18 19 20 21 22 23 24 25 26 27 28 29 30 32 33 35 36 37 38 40 47 48 73 74 75 76 77 78 79 80 81 82 85 86 88 89 90 91 94 97 98 99 100 101 102 106 107 136 137 139 142 151 152 153 154 155 156 157 158 159 160 161 162 163 164 165 166 167 168 169 171 172 177 178 180 187 188 191 193 195 200 203 223 253 254 256 258 259 260 261 262 263 264 265 268 269 270 271 275 277 278 279 283 286 290 295 323 325 328 333 336 337 340 346 347 378 386 388 405 414 421 423 424 432 436 437 444 449 452 453 454 455
              <Scalar> membership { 0.000000 }  <Ref> { rat }
            }
            <VertexRef> {
              170 173 176 179 198
              <Scalar> membership { 0.486658 }  <Ref> { rat }
            }
            <VertexRef> {
              190 196 207
              <Scalar> membership { 1.004593 }  <Ref> { rat }
            }
            <VertexRef> {
              186 201 205
              <Scalar> membership { 0.996459 }  <Ref> { rat }
            }
            <VertexRef> {
              185 197 206
              <Scalar> membership { 1.001048 }  <Ref> { rat }
            }
            <VertexRef> {
              8 130 140 174 175
              <Scalar> membership { 0.132105 }  <Ref> { rat }
            }
            <VertexRef> {
              189 202 208
              <Scalar> membership { 0.998567 }  <Ref> { rat }
            }
          }
        }
        <Joint> leg_back_upper.R {
          <Transform> {
            <Matrix4> {
              0.9999100565910339 0.002070025075227022 -0.013248197734355927 0.0 
              0.003537646494805813 0.9122817516326904 0.4095480740070343 0.0 
              0.012933864258229733 -0.40955808758735657 0.9121924042701721 0.0 
              0.5027999877929688 0.2782432734966278 0.16439346969127655 1.0 
            }
          }
          <VertexRef> {
            249 407 416
            <Scalar> membership { 0.798064 }  <Ref> { rat }
          }
          <VertexRef> {
            429 434 441 442
            <Scalar> membership { 0.453574 }  <Ref> { rat }
          }
          <VertexRef> {
            6 7 10 11 12 17 19 20 27 31 33 39 131 133 134 135 138 139 141 143 144 147 248 251 252 253 254 255 257 258 260 261 262 263 264 266 267 268 269 271 272 273 274 275 276 277 278 279 280 283 284 286 287 290 295 322 323 324 325 326 327 328 329 333 336 337 339 340 344 345 346 347 349 354 357 381 383 384 385 386 387 389 391 402 417 420 432 437 449 452 453 454
            <Scalar> membership { 0.000000 }  <Ref> { rat }
          }
          <VertexRef> {
            256 259 265 270 378 388 400 404 405 409 411 412 413 414 415 418 421 422 423 424 425 426 427 428 431 435 438 439 445 446 447 448 450 451
            <Scalar> membership { 1.000000 }  <Ref> { rat }
          }
          <VertexRef> {
            250 401 403 406 410
            <Scalar> membership { 0.943581 }  <Ref> { rat }
          }
          <VertexRef> {
            399 408 419 430 440
            <Scalar> membership { 0.749513 }  <Ref> { rat }
          }
          <Joint> leg_back_lower.R {
            <Transform> {
              <Matrix4> {
                0.5596510171890259 0.8085123896598816 -0.18192945420742035 0.0 
                0.35737353563308716 -0.037384189665317535 0.9332130551338196 0.0 
                0.7477129697799683 -0.5872904062271118 -0.30986288189888 0.0 
                -1.862645149230957e-08 0.965277373790741 -2.8870999813079834e-08 1.0 
              }
            }
            <VertexRef> {
              429 434 441 442
              <Scalar> membership { 0.545905 }  <Ref> { rat }
            }
            <VertexRef> {
              11 131 257 381
              <Scalar> membership { 0.016606 }  <Ref> { rat }
            }
            <VertexRef> {
              436 444 455
              <Scalar> membership { 1.004488 }  <Ref> { rat }
            }
            <VertexRef> {
              6 7 8 9 10 12 13 14 15 16 17 19 20 22 26 27 28 29 30 33 37 40 47 75 77 78 85 86 89 90 100 101 130 139 140 155 166 174 175 178 186 189 190 196 201 202 205 207 208 248 249 250 251 252 253 254 255 258 259 260 261 262 263 264 265 266 267 268 269 270 271 272 273 274 275 277 278 279 280 281 283 284 285 286 290 295 299 321 322 323 324 325 326 327 328 329 332 333 334 336 337 339 340 344 345 346 347 348 349 350 354 357 383 385 386 389 399 400 401 402 403 404 405 406 407 408 409 410 411 412 413 414 415 416 417 419 420 424 425 430 435 438 439 440 445 447 451 471
              <Scalar> membership { 0.000000 }  <Ref> { rat }
            }
            <VertexRef> {
              256 378 388 421 423
              <Scalar> membership { 0.129528 }  <Ref> { rat }
            }
            <VertexRef> {
              418 422 426 427 446
              <Scalar> membership { 0.486658 }  <Ref> { rat }
            }
            <VertexRef> {
              428 431 448 450
              <Scalar> membership { 0.547036 }  <Ref> { rat }
            }
            <VertexRef> {
              432 449 453
              <Scalar> membership { 0.996272 }  <Ref> { rat }
            }
            <VertexRef> {
              433 443 456
              <Scalar> membership { 1.000957 }  <Ref> { rat }
            }
            <VertexRef> {
              437 452 454
              <Scalar> membership { 0.998403 }  <Ref> { rat }
            }
          }
        }
      }
      <Joint> leg_front_upper.L {
        <Transform> {
          <Matrix4> {
            -0.8983137607574463 0.09971322864294052 0.4278900623321533 0.0 
            0.4350324273109436 0.33814042806625366 0.8345100283622742 0.0 
            -0.061475127935409546 0.935798168182373 -0.3471347391605377 0.0 
            0.15615840256214142 0.7297647595405579 0.2037331461906433 1.0 
          }
        }
        <VertexRef> {
          156 161 165
          <Scalar> membership { 0.022498 }  <Ref> { rat }
        }
        <VertexRef> {
          29 37 85 101
          <Scalar> membership { 0.838435 }  <Ref> { rat }
        }
        <VertexRef> {
          38 73 82 88 102
          <Scalar> membership { 0.060494 }  <Ref> { rat }
        }
        <VertexRef> {
          16 28 86 89
          <Scalar> membership { 0.858428 }  <Ref> { rat }
        }
        <VertexRef> {
          74 79 81 107
          <Scalar> membership { 0.441799 }  <Ref> { rat }
        }
        <VertexRef> {
          1 2 3 4 6 9 10 12 13 17 18 20 21 22 23 24 27 30 31 32 33 34 35 39 40 41 42 43 44 45 46 47 48 49 50 51 52 53 56 57 58 59 60 61 62 65 70 71 98 99 100 133 134 139 141 144 147 152 154 155 157 158 160 163 166 168 178 223 224 225 226 227 228 229 230 231 232 233 234 235 236 237 238 239 240 241 242 243 244 245 246 247 254 258 259 260 261 263 264 265 268 270 271 272 275 276 278 282 283 284 286 287 288 291 293 294 297 298 300 304 306 307 311 320 322 323 324 325 327 328 329 333 340 345 346 357 386 404 405 409 414 415 424 472 473 474 475 477 478 479 480 482 483 484 485 486 487 488 489 490 491 493 494 495
          <Scalar> membership { 0.000000 }  <Ref> { rat }
        }
        <VertexRef> {
          14 26 75 78
          <Scalar> membership { 0.866609 }  <Ref> { rat }
        }
        <VertexRef> {
          262 279 336 337
          <Scalar> membership { 0.068214 }  <Ref> { rat }
        }
        <VertexRef> {
          15 77 90
          <Scalar> membership { 0.606710 }  <Ref> { rat }
        }
        <VertexRef> {
          80 91 94 106
          <Scalar> membership { 0.067306 }  <Ref> { rat }
        }
        <VertexRef> {
          25 36 76 97
          <Scalar> membership { 0.905164 }  <Ref> { rat }
        }
        <Joint> leg_front_middle.L {
          <Transform> {
            <Matrix4> {
              0.7815912961959839 -0.6222586631774902 -0.04369603097438812 0.0 
              0.5641539096832275 0.6752417087554932 0.47516193985939026 0.0 
              -0.2661682665348053 -0.3960336148738861 0.8788126707077026 0.0 
              -4.6566128730773926e-08 0.601098358631134 -8.940696716308594e-08 1.0 
            }
          }
          <VertexRef> {
            95 109 118 123
            <Scalar> membership { 0.506725 }  <Ref> { rat }
          }
          <VertexRef> {
            96 104 111 122
            <Scalar> membership { 0.057199 }  <Ref> { rat }
          }
          <VertexRef> {
            38 73 82 88 102
            <Scalar> membership { 0.926082 }  <Ref> { rat }
          }
          <VertexRef> {
            14 15 16 17 20 25 26 27 28 29 33 34 35 36 37 43 44 48 49 50 54 55 56 57 58 59 61 62 63 64 65 66 67 68 69 70 71 72 75 76 77 78 85 86 89 90 97 99 101 112 113 116 117 120 121 124 125 126 127 128 129 185 197 206 223 224 225 226 232 235 236 238 240 241 242 244 245 246 247 261 263 268 275 282 283 291 293 297 301 302 304 306 307 309 311 312 313 315 316 317 319 320 325 340 367 372 374 473 474 475 479 480 482 484 486 488 489 490 491 493 494 495
            <Scalar> membership { 0.000000 }  <Ref> { rat }
          }
          <VertexRef> {
            80 91 94 106
            <Scalar> membership { 0.925086 }  <Ref> { rat }
          }
          <VertexRef> {
            74 79 81 107
            <Scalar> membership { 0.564712 }  <Ref> { rat }
          }
          <VertexRef> {
            87 92 93 103
            <Scalar> membership { 0.961739 }  <Ref> { rat }
          }
          <VertexRef> {
            84 108 114 119
            <Scalar> membership { 0.900766 }  <Ref> { rat }
          }
          <VertexRef> {
            83 105 110 115
            <Scalar> membership { 0.105271 }  <Ref> { rat }
          }
          <Joint> leg_front_lower.L {
            <Transform> {
              <Matrix4> {
                0.8046172261238098 0.48542124032974243 -0.3419903814792633 0.0 
                -0.28740620613098145 0.8223525881767273 0.4910534918308258 0.0 
                0.5196045637130737 -0.29681989550590515 0.8011922836303711 0.0 
                -7.450580596923828e-08 0.40786507725715637 -1.0337680578231812e-07 1.0 
              }
            }
            <VertexRef> {
              112 125 129
              <Scalar> membership { 0.995965 }  <Ref> { rat }
            }
            <VertexRef> {
              121 124 126
              <Scalar> membership { 0.979412 }  <Ref> { rat }
            }
            <VertexRef> {
              84 108 114 119
              <Scalar> membership { 0.097650 }  <Ref> { rat }
            }
            <VertexRef> {
              113 116 128
              <Scalar> membership { 1.010089 }  <Ref> { rat }
            }
            <VertexRef> {
              95 109 118 123
              <Scalar> membership { 0.493265 }  <Ref> { rat }
            }
            <VertexRef> {
              83 105 110 115
              <Scalar> membership { 0.896645 }  <Ref> { rat }
            }
            <VertexRef> {
              96 104 111 122
              <Scalar> membership { 0.943951 }  <Ref> { rat }
            }
            <VertexRef> {
              117 120 127
              <Scalar> membership { 0.914169 }  <Ref> { rat }
            }
          }
        }
      }
      <Joint> leg_front_upper.R {
        <Transform> {
          <Matrix4> {
            -0.8983137011528015 -0.2262670397758484 -0.3766109347343445 0.0 
            -0.4350327253341675 0.3381405770778656 0.834510326385498 0.0 
            -0.06147478520870209 0.9134900569915771 -0.4021899104118347 0.0 
            -0.1604774296283722 0.7297648191452026 0.20373304188251495 1.0 
          }
        }
        <VertexRef> {
          285 321 332 334 350
          <Scalar> membership { 0.058104 }  <Ref> { rat }
        }
        <VertexRef> {
          326 339 344 354
          <Scalar> membership { 0.064908 }  <Ref> { rat }
        }
        <VertexRef> {
          278 286 333 346
          <Scalar> membership { 0.842289 }  <Ref> { rat }
        }
        <VertexRef> {
          404 409 415
          <Scalar> membership { 0.022498 }  <Ref> { rat }
        }
        <VertexRef> {
          9 10 12 13 14 15 17 20 22 25 26 27 29 31 33 34 36 37 39 42 43 44 45 49 50 52 56 57 58 61 71 74 75 76 77 78 79 81 85 90 97 101 107 155 156 161 165 166 178 224 225 226 227 228 230 231 232 234 235 236 237 238 239 240 241 242 244 245 246 247 250 251 252 258 259 260 261 265 266 267 268 270 273 274 275 276 277 280 281 282 283 287 288 289 290 291 292 293 294 295 296 297 298 299 300 303 304 305 306 307 308 310 311 314 318 320 347 348 349 401 402 403 405 406 410 414 424 471 472 473 474 475 476 477 478 479 480 481 482 483 484 485 486 487 488 489 490 491 492 493 494 495
          <Scalar> membership { 0.000000 }  <Ref> { rat }
        }
        <VertexRef> {
          264 271 323 328
          <Scalar> membership { 0.855982 }  <Ref> { rat }
        }
        <VertexRef> {
          262 279 336 337
          <Scalar> membership { 0.814131 }  <Ref> { rat }
        }
        <VertexRef> {
          324 327 329 357
          <Scalar> membership { 0.444406 }  <Ref> { rat }
        }
        <VertexRef> {
          263 325 340
          <Scalar> membership { 0.606710 }  <Ref> { rat }
        }
        <VertexRef> {
          272 284 322 345
          <Scalar> membership { 0.888403 }  <Ref> { rat }
        }
        <VertexRef> {
          16 28 86 89
          <Scalar> membership { 0.068214 }  <Ref> { rat }
        }
        <Joint> leg_front_middle.R {
          <Transform> {
            <Matrix4> {
              0.7718803882598877 0.6116019487380981 0.17362023890018463 0.0 
              -0.6236255168914795 0.6752418875694275 0.393877774477005 0.0 
              0.12366067618131638 -0.4123005270957947 0.9026164412498474 0.0 
              -7.450580596923828e-09 0.6010982990264893 -3.725290298461914e-08 1.0 
            }
          }
          <VertexRef> {
            342 352 361 370
            <Scalar> membership { 0.060874 }  <Ref> { rat }
          }
          <VertexRef> {
            331 351 358 365
            <Scalar> membership { 0.103550 }  <Ref> { rat }
          }
          <VertexRef> {
            15 17 20 27 33 34 43 45 50 54 55 56 57 58 61 63 64 66 67 68 69 71 72 77 90 121 124 126 224 225 227 231 232 235 236 237 240 241 242 244 245 246 247 261 262 263 264 268 271 272 275 278 279 281 282 283 284 286 291 294 297 298 299 301 302 304 305 306 307 309 310 311 312 313 314 315 316 317 318 319 320 322 323 325 328 333 336 337 340 345 346 348 359 360 363 364 367 368 371 372 374 375 376 377 433 443 456 471 472 473 474 479 482 484 485 488 489 490 491 493 494 495
            <Scalar> membership { 0.000000 }  <Ref> { rat }
          }
          <VertexRef> {
            330 356 362 369
            <Scalar> membership { 0.909798 }  <Ref> { rat }
          }
          <VertexRef> {
            285 321 332 334 350
            <Scalar> membership { 0.928895 }  <Ref> { rat }
          }
          <VertexRef> {
            324 327 329 357
            <Scalar> membership { 0.561712 }  <Ref> { rat }
          }
          <VertexRef> {
            343 355 366 373
            <Scalar> membership { 0.507968 }  <Ref> { rat }
          }
          <VertexRef> {
            335 338 341 353
            <Scalar> membership { 0.959731 }  <Ref> { rat }
          }
          <VertexRef> {
            326 339 344 354
            <Scalar> membership { 0.923650 }  <Ref> { rat }
          }
          <Joint> leg_front_lower.R {
            <Transform> {
              <Matrix4> {
                0.9039450883865356 -0.0835515558719635 -0.4194072186946869 0.0 
                0.3002516031265259 0.8223527669906616 0.4833061099052429 0.0 
                0.3045197129249573 -0.562809944152832 0.7684481143951416 0.0 
                -1.4901161193847656e-08 0.40786486864089966 -6.612390279769897e-08 1.0 
              }
            }
            <VertexRef> {
              343 355 366 373
              <Scalar> membership { 0.492026 }  <Ref> { rat }
            }
            <VertexRef> {
              363 368 377
              <Scalar> membership { 0.915485 }  <Ref> { rat }
            }
            <VertexRef> {
              330 356 362 369
              <Scalar> membership { 0.088749 }  <Ref> { rat }
            }
            <VertexRef> {
              342 352 361 370
              <Scalar> membership { 0.940282 }  <Ref> { rat }
            }
            <VertexRef> {
              359 364 376
              <Scalar> membership { 1.010277 }  <Ref> { rat }
            }
            <VertexRef> {
              331 351 358 365
              <Scalar> membership { 0.898395 }  <Ref> { rat }
            }
            <VertexRef> {
              367 372 374
              <Scalar> membership { 0.978570 }  <Ref> { rat }
            }
            <VertexRef> {
              360 371 375
              <Scalar> membership { 0.995515 }  <Ref> { rat }
            }
          }
        }
      }
    }
    <Group> rat {
      <Transform> {
        <Matrix4> {
          0.9999999403953552 0.0 0.0 0.0 
          0.0 -0.0722431167960167 -0.9973870515823364 0.0 
          0.0 0.9973869919776917 -0.07224322855472565 0.0 
          0.0 -0.48516416549682617 0.0022608041763305664 1.0 
        }
      }
      
      <VertexPool> rat {
      
        <Vertex> 0 {0.099143 0.463463 0.253341
        <Normal> { 0.591968 0.724143 0.353771 }
          <UV>  {
            0.304539 0.890303 
          }
        }
        <Vertex> 1 {0.148967 0.360546 0.304844
        <Normal> { 0.839290 0.063662 0.539872 }
          <UV>  {
            0.206613 0.985067 
          }
        }
        <Vertex> 2 {0.174755 0.382716 0.229922
        <Normal> { 0.984619 0.014100 0.174017 }
          <UV>  {
            0.187097 0.910129 
          }
        }
        <Vertex> 3 {0.144255 0.439543 0.220701
        <Normal> { 0.677084 0.712180 0.185186 }
          <UV>  {
            0.239927 0.871570 
          }
        }
        <Vertex> 4 {0.148967 0.360546 0.304844
        <Normal> { 0.839290 0.063662 0.539872 }
          <UV>  {
            0.693621 0.297541 
          }
        }
        <Vertex> 5 {0.099143 0.463463 0.253341
        <Normal> { 0.591968 0.724143 0.353771 }
          <UV>  {
            0.812080 0.264079 
          }
        }
        <Vertex> 6 {0.000000 0.511117 0.314681
        <Normal> { 0.000000 0.756401 0.654073 }
          <UV>  {
            0.906390 0.389166 
          }
        }
        <Vertex> 7 {0.000000 0.320600 0.415915
        <Normal> { 0.000000 0.086093 0.996277 }
          <UV>  {
            0.648583 0.503515 
          }
        }
        <Vertex> 8 {0.061451 0.427164 0.155714
        <Normal> { -0.106113 0.160680 -0.981262 }
          <UV>  {
            0.808147 0.136132 
          }
        }
        <Vertex> 9 {0.121725 0.307467 0.176961
        <Normal> { 0.614429 -0.453658 -0.645436 }
          <UV>  {
            0.667127 0.165410 
          }
        }
        <Vertex> 10 {0.000000 0.337899 0.142449
        <Normal> { 0.000000 -0.098788 -0.995086 }
          <UV>  {
            0.718851 0.038444 
          }
        }
        <Vertex> 11 {0.000000 0.415735 0.138311
        <Normal> { 0.000000 -0.096225 -0.995331 }
          <UV>  {
            0.815186 0.064207 
          }
        }
        <Vertex> 12 {0.000000 0.337899 0.142449
        <Normal> { 0.000000 -0.098788 -0.995086 }
          <UV>  {
            0.718851 0.038444 
          }
        }
        <Vertex> 13 {0.121725 0.307467 0.176961
        <Normal> { 0.614429 -0.453658 -0.645436 }
          <UV>  {
            0.667127 0.165410 
          }
        }
        <Vertex> 14 {0.092717 0.200317 0.193915
        <Normal> { 0.917814 0.142521 -0.370495 }
          <UV>  {
            0.551355 0.147264 
          }
        }
        <Vertex> 15 {0.050825 0.205106 0.179505
        <Normal> { -0.205512 0.430616 -0.878811 }
          <UV>  {
            0.556125 0.093524 
          }
        }
        <Vertex> 16 {0.051329 0.134888 0.182945
        <Normal> { -0.061464 -0.760735 -0.646107 }
          <UV>  {
            0.477129 0.097844 
          }
        }
        <Vertex> 17 {0.000000 0.150252 0.176364
        <Normal> { 0.000000 -0.422224 -0.906461 }
          <UV>  {
            0.489071 0.044754 
          }
        }
        <Vertex> 18 {0.148967 0.360546 0.304844
        <Normal> { 0.839290 0.063662 0.539872 }
          <UV>  {
            0.693621 0.297541 
          }
        }
        <Vertex> 19 {0.000000 0.320600 0.415915
        <Normal> { 0.000000 0.086093 0.996277 }
          <UV>  {
            0.648583 0.503515 
          }
        }
        <Vertex> 20 {0.000000 0.138801 0.361853
        <Normal> { 0.000000 0.036897 0.999298 }
          <UV>  {
            0.419214 0.416454 
          }
        }
        <Vertex> 21 {0.101692 0.155075 0.292389
        <Normal> { 0.921812 -0.237342 0.306375 }
          <UV>  {
            0.466187 0.258436 
          }
        }
        <Vertex> 22 {0.121725 0.307467 0.176961
        <Normal> { 0.614429 -0.453658 -0.645436 }
          <UV>  {
            0.667127 0.165410 
          }
        }
        <Vertex> 23 {0.148967 0.360546 0.304844
        <Normal> { 0.839290 0.063662 0.539872 }
          <UV>  {
            0.693621 0.297541 
          }
        }
        <Vertex> 24 {0.101692 0.155075 0.292389
        <Normal> { 0.921812 -0.237342 0.306375 }
          <UV>  {
            0.466187 0.258436 
          }
        }
        <Vertex> 25 {0.094434 0.155075 0.247730
        <Normal> { 0.945555 -0.313669 -0.086764 }
          <UV>  {
            0.481481 0.198308 
          }
        }
        <Vertex> 26 {0.092717 0.200317 0.193915
        <Normal> { 0.917814 0.142521 -0.370495 }
          <UV>  {
            0.551355 0.147264 
          }
        }
        <Vertex> 27 {0.000000 0.150252 0.176364
        <Normal> { 0.000000 -0.422224 -0.906461 }
          <UV>  {
            0.489071 0.044754 
          }
        }
        <Vertex> 28 {0.051329 0.134888 0.182945
        <Normal> { -0.061464 -0.760735 -0.646107 }
          <UV>  {
            0.477129 0.097844 
          }
        }
        <Vertex> 29 {0.080432 0.134464 0.214833
        <Normal> { 0.567644 -0.801141 -0.189489 }
          <UV>  {
            0.470208 0.147738 
          }
        }
        <Vertex> 30 {0.071996 0.102820 0.255681
        <Normal> { 0.816736 -0.139378 -0.559862 }
          <UV>  {
            0.403837 0.176443 
          }
        }
        <Vertex> 31 {0.000000 0.078231 0.221013
        <Normal> { 0.000000 -0.179510 -0.983734 }
          <UV>  {
            0.384218 0.055803 
          }
        }
        <Vertex> 32 {0.101692 0.155075 0.292389
        <Normal> { 0.921812 -0.237342 0.306375 }
          <UV>  {
            0.466187 0.258436 
          }
        }
        <Vertex> 33 {0.000000 0.138801 0.361853
        <Normal> { 0.000000 0.036897 0.999298 }
          <UV>  {
            0.419214 0.416454 
          }
        }
        <Vertex> 34 {0.000000 0.096896 0.371141
        <Normal> { 0.000000 0.359783 0.933012 }
          <UV>  {
            0.366136 0.424573 
          }
        }
        <Vertex> 35 {0.092433 0.116800 0.311684
        <Normal> { 0.864559 0.206488 0.458113 }
          <UV>  {
            0.405656 0.272284 
          }
        }
        <Vertex> 36 {0.094434 0.155075 0.247730
        <Normal> { 0.945555 -0.313669 -0.086764 }
          <UV>  {
            0.500315 0.984381 
          }
        }
        <Vertex> 37 {0.080432 0.134464 0.214833
        <Normal> { 0.567644 -0.801141 -0.189489 }
          <UV>  {
            0.462611 0.953809 
